# name: debug
# type: sparse matrix
# nnz: 36
# rows: 6
# columns: 6

1 1 1.000000000
2 1 -0.000000000
3 1 0.000000000
4 1 292028416.000000000
5 1 -11869213828449065500672.000000000
6 1 -11697157437619798278144.000000000
1 2 -0.000000000
2 2 1.000000000
3 2 0.000000000
4 2 11869213828448623001600.000000000
5 2 -156762112.000000000
6 2 5473143844568359239680.000000000
1 3 0.000000000
2 3 0.000000000
3 3 1.000000000
4 3 11697157437616855973888.000000000
5 3 -5473143844567414472704.000000000
6 3 -135266304.000000000
1 4 292028416.000000000
2 4 11869213828448623001600.000000000
3 4 11697157437616855973888.000000000
4 4 277701729026444404672211376633802258961661952.000000000
5 4 -64020225228779164182083561987648865953644544.000000000
6 4 64961914605173826122880299729665240856526848.000000000
1 5 -11869213828449065500672.000000000
2 5 -156762112.000000000
3 5 -5473143844567414472704.000000000
4 5 -64020225228779164182083561987648865953644544.000000000
5 5 170833540449131628978951440730190376433876992.000000000
6 5 138836062812429362755109327101488420456759296.000000000
1 6 -11697157437619798278144.000000000
2 6 5473143844568359239680.000000000
3 6 -135266304.000000000
4 6 64961914605173826122880299729665240856526848.000000000
5 6 138836062812429362755109327101488420456759296.000000000
6 6 166778795664147607734310232004484582613188608.000000000
